838503
848993
852132
267364
718890
406644
147097
456513
794447
139402
988900
889216
128804
597583
944248
535337
652240
491766
627615
192953
118251
537727
605735
759371
762140
759187
597166
368954
578322
917270
820786
911200
569943
195202
837481
228774
428916
982725
886274
511268
865842
883295
430716
493673
772340
111830
202161
916207
297649
606428
325404
446166
349355
616754
649828
228488
211421
498300
389052
367388
709886
977487
769682
463104
128863
905381
884061
467338
672964
296528
298791
704851
261583
351923
449141
924629
523554
488772
743858
716999
651810
664072
882860
819559
737904
946102
183207
574123
362161
809677
142206
685589
865833
860990
898908
685611
614275
392338
729771
290183
228060
157987
251398
182707
894472
158225
801565
441600
320233
166010
751180
769321
197793
475141
649237
957277
334549
814524
359061
121415
374954
577719
427184
411320
753947
535341
174801
646498
227291
180752
818418
333953
304428
205565
103260
198781
132789
233079
733464
338559
324055
938060
240216
928138
207863
251011
178684
221551
156863
656018
820679
799750
264820
245601
617839
729654
800720
839400
434745
142472
503477
524389
501398
884446
597658
646909
736146
897282
365126
563543
635082
106208
325974
347079
962517
213982
200111
536342
972567
604794
171719
903975
986871
718199
264021
318465
921758
261226
459061
710072
894493
980050
602017
843190
170944
130866
551816
664846
891979
401632