4840
3216
2325
1509
2795
3448
3463
2826
4739
3230
3018
1831
1319
443
4663
3711
3142
607
3367
4479
10
4505
2734
4671
1388
3917
664
67
2322
661
1451
1642
421
1140
1330
4220
4343
4131
2329
637
2769
3430
1971
1079
1409
3913
171
1189
1060
4927
3689
2846
2845
340
27
4841
3499
646
1620
429
3525
3767
2450
2170
4312
1966
4319
206
1224
4406
1976
4554
4069
1130
1714
1836
1074
4837
3306
2747
4750
4498
641
4159
4352
623
166
3822
488
4739
2895
2755
4538
724
4506
2419
2920
88
3430
3502
3758
636
1224
840
583
3050
4236
4740
4754
2107
3138
725
2860
4866
937
2519
2124
2212
2932
3108
1249
497
845
4705
1891
3252
1529
3174
355
4596
1112
336
2127
4026
1272
482
493
3171
4597
1234
3040
2871
2527
78
679
719
4140
3838
3302
106
4494
3279
24
3057
4802
3917
642
2760
4884
534
3817
2560
4081
3057
93
5
2725
2362
4959
1959
4966
1465
4211
1306
1616
4237
1888
4545
2083
1183
1320
1585
3682
1174
930
3641
4034
4382
4105
2109
751
1490
2161
1739
514
1796
1883
3359
1826
758
2450
3962
2765
4143
3924
4495
4300
3752
924
1292
1310
1942
180
3262
2132
355
2618
4940
406
2205
364
4691
388
20
4609
2710
3395
4685
1343
616
156
521
3558
1692
2419
2001
3533
140
3024
946
3617
3289
2430
623
3540
3672
2131
2078
2517
2899
97
934
499
624
3287
1590
986
4571
4251
2456
2345
1210
930
1040
3251
3869
2033
2381
4320
1589
538
3675
1344
673
4650
289
1657
3778
2796
1086
1207
1234
4544
1507
1038
408
4741
4417
1974
2144
3993
1189
2585
3947
358
4199
3860
1284
3967
1536
4335
4764
509
3420
3770
4144
1638
1467
4938
1473
796
2919
4086
2723
1099
1710
1929
4273
1777
4938
4913
2858
4558
4468
3946
2798
4722
907
2257
3074
3643
229
4569
3827
3345
4572
3158
4330
4339
3221
2614
4018
690
3458
3735
4841
2337
2143
2675
954
4718
1498
1639
3467
1529
4633
518
2400
2770
1841
2209
3895
3123
1155
911
3877
3928
952
2284
239
987
1586
868
1388
1684
932
2024
478
2649
1785
1855
3769
3820
568
1724
2293
4990
3358
175
4987
1402
3699
1132
163
3090
2796
4009
2714
4506
190
4974
1958
1957
1432
4970
3768
3995
2753
2517
1514
1685
2762
3752
658
2469
1597
1523
1776
896
4583
4100
188
3263
3529
4816
2915
3138
2795
704
1822
3829
907
3360
122
2362
2274
3739
4341
3078
4652
3511
4750
3301
2135
564
2923
1751
598
2600
2509
2467
4123
4434
2712
1336
1341
4517
373
114
4891
3348
410
4025
2655
2679
3093
4779
2752
1122
4431
4661
1931
1830
3898
2921
1815
2582
3356
3742
2441
4916
4503
770
1699
4187
3857
2028
3988
4693
3496
972
1367
4027
4586
1095
3173
1675
1798
4978
4229
3186
4466
3820
1615
2087
619
471
4753
4324
1778
2534
946
2581
420
392
4147
2450
1501
1290
4024
1154
4545
1428
3109
175
2902
2701
2008
174
1893
2575
2048
3031
4728
1787
304
4238
1249
645
4192
4319
4841
2402
4366
2425
1618
194
4015
998
601
3039
1912
1280
827
717
561
1120
3883
2067
494
1206
4098
800
2197
4612
4432
3670
3277
4913
835
3613
1904
4646
2646
4488
867
161
4272
4448
1494
3377
4023
673
2188
4243
4417
4320
1263
960
2302
3989
1086
2567
4993
1815
399
2522
4074
4484
1919
3024
345
2623
4818
4192
1041
2469
1911
2612
869
3270
4723
596
841
575
986
3201
1562
2267
973
1269
3632
3717
4449
651
2870
3200
4370
1866
3148
269
786
4753
425
3993
3361
4890
437
829
3662
4071
3897
3677
2693
2182
2430
2560
2029
3538
1755
542
4652
1734
2087
746
83
2742
1445
4473
3707
2859
2770
1953
851
3341
1189
3760
1950
2254
1616
4223
4638
4129
443
1875
3782
4949
3146
2990
3000
4992
2053
2271
3793
1168
4660
769
2864
770
1222
486
2531
263
3958
2846
2452
1074
45
3816
2438
4844
3947
1430
2430
4906
6
2377
1622
1299
1705
2387
2191
603
531
3191
282
2953
3498
2751
2215
1684
1686
4711
3189
4923
2538
4462
91
1750
4493
2632
4652
2420
4769
4897
3937
1661
3994
764
2489
3527
4702
4903
2591
22
4903
2571
2585
3502
3453
1482
3896
2573
636
775
4403
691
1245
1889
3485
2347
4805
2673
1550
375
2496
726
1874
4922
3912
3848
3966
2525
3073
389
4882
4136
3210
4104
1793
4574
3104
1377
2406
2071
4115
4524
3107
566
503
312
2642
1536
2596
1063
2253
2810
204
4619
673
772
3119
1336
4627
730
3904
2119
2200
2232
3792
290
3070
860
4421
703
2332
4715
175
4642
3885
2450
3666
1200
3150
1732
1314
1093
494
4381
862
4530
2859
1754
4598
2515
2350
566
1238
1843
3166
757
3374
4181
4610
4086
1033
3822
2256
2117
4589
1680
331
1595
4296
1492
293
1332
1444
1757
3966
2949
4812
4810
2584
4339
3142
2502
4209
1584
631
3358
3964
4908
3398
3186
1427
137
2537
3811
403
4954
4666
932
1108
2791
792
948
4100
4316
3348
4798
3595
559
3402
1991
4638
2263
3298
3656
1128
4928
2838
4544
2875
3543
4045
345
891
3988
4662
3224
3774
1457
1265
4746
1877
2713
3919
2969
1869
3905
3590
2936
3551
1755
2633
4078
3878
3170
4792
390
1348
3057
1459
3969
1402
4225
269
3322
736
1007
2942
3487
4568
3362
4950
2097
539
2466
4290
678
3460
561
4267
2941
3141
434
4772
2918
1484
1172
1101
4533
2650
1719
304
4575
2974
2313
4200
3077
4428
2559
1719
3257
917
925
975
103
3278
1747
2108
2083
1186
2583
4427
3236
989
4232
4721
4774
3907
4179
4652
4468
899
4303
1742
798
4083
