5
6
10
20
22
24
27
45
67
78
83
88
91
93
97
103
106
114
122
137
140
156
161
163
166
171
174
175
175
175
180
188
190
194
204
206
229
239
263
269
269
282
289
290
293
304
304
312
331
336
340
345
345
355
355
358
364
373
375
388
389
390
392
399
403
406
408
410
420
421
425
429
434
437
443
443
471
478
482
486
488
493
494
494
497
499
503
509
514
518
521
531
534
538
539
542
559
561
561
564
566
566
568
575
583
596
598
601
603
607
616
619
623
623
624
631
636
636
637
641
642
645
646
651
658
661
664
673
673
673
678
679
690
691
703
704
717
719
724
725
726
730
736
746
751
757
758
764
769
770
770
772
775
786
792
796
798
800
827
829
835
840
841
845
851
860
862
867
868
869
891
896
899
907
907
911
917
924
925
930
930
932
932
934
937
946
946
948
952
954
960
972
973
975
986
986
987
989
998
1007
1033
1038
1040
1041
1060
1063
1074
1074
1079
1086
1086
1093
1095
1099
1101
1108
1112
1120
1122
1128
1130
1132
1140
1154
1155
1168
1172
1174
1183
1186
1189
1189
1189
1200
1206
1207
1210
1222
1224
1224
1234
1234
1238
1245
1249
1249
1263
1265
1269
1272
1280
1284
1290
1292
1299
1306
1310
1314
1319
1320
1330
1332
1336
1336
1341
1343
1344
1348
1367
1377
1388
1388
1402
1402
1409
1427
1428
1430
1432
1444
1445
1451
1457
1459
1465
1467
1473
1482
1484
1490
1492
1494
1498
1501
1507
1509
1514
1523
1529
1529
1536
1536
1550
1562
1584
1585
1586
1589
1590
1595
1597
1615
1616
1616
1618
1620
1622
1638
1639
1642
1657
1661
1675
1680
1684
1684
1685
1686
1692
1699
1705
1710
1714
1719
1719
1724
1732
1734
1739
1742
1747
1750
1751
1754
1755
1755
1757
1776
1777
1778
1785
1787
1793
1796
1798
1815
1815
1822
1826
1830
1831
1836
1841
1843
1855
1866
1869
1874
1875
1877
1883
1888
1889
1891
1893
1904
1911
1912
1919
1929
1931
1942
1950
1953
1957
1958
1959
1966
1971
1974
1976
1991
2001
2008
2024
2028
2029
2033
2048
2053
2067
2071
2078
2083
2083
2087
2087
2097
2107
2108
2109
2117
2119
2124
2127
2131
2132
2135
2143
2144
2161
2170
2182
2188
2191
2197
2200
2205
2209
2212
2215
2232
2253
2254
2256
2257
2263
2267
2271
2274
2284
2293
2302
2313
2322
2325
2329
2332
2337
2345
2347
2350
2362
2362
2377
2381
2387
2400
2402
2406
2419
2419
2420
2425
2430
2430
2430
2438
2441
2450
2450
2450
2450
2452
2456
2466
2467
2469
2469
2489
2496
2502
2509
2515
2517
2517
2519
2522
2525
2527
2531
2534
2537
2538
2559
2560
2560
2567
2571
2573
2575
2581
2582
2583
2584
2585
2585
2591
2596
2600
2612
2614
2618
2623
2632
2633
2642
2646
2649
2650
2655
2673
2675
2679
2693
2701
2710
2712
2713
2714
2723
2725
2734
2742
2747
2751
2752
2753
2755
2760
2762
2765
2769
2770
2770
2791
2795
2795
2796
2796
2798
2810
2826
2838
2845
2846
2846
2858
2859
2859
2860
2864
2870
2871
2875
2895
2899
2902
2915
2918
2919
2920
2921
2923
2932
2936
2941
2942
2949
2953
2969
2974
2990
3000
3018
3024
3024
3031
3039
3040
3050
3057
3057
3057
3070
3073
3074
3077
3078
3090
3093
3104
3107
3108
3109
3119
3123
3138
3138
3141
3142
3142
3146
3148
3150
3158
3166
3170
3171
3173
3174
3186
3186
3189
3191
3200
3201
3210
3216
3221
3224
3230
3236
3251
3252
3257
3262
3263
3270
3277
3278
3279
3287
3289
3298
3301
3302
3306
3322
3341
3345
3348
3348
3356
3358
3358
3359
3360
3361
3362
3367
3374
3377
3395
3398
3402
3420
3430
3430
3448
3453
3458
3460
3463
3467
3485
3487
3496
3498
3499
3502
3502
3511
3525
3527
3529
3533
3538
3540
3543
3551
3558
3590
3595
3613
3617
3632
3641
3643
3656
3662
3666
3670
3672
3675
3677
3682
3689
3699
3707
3711
3717
3735
3739
3742
3752
3752
3758
3760
3767
3768
3769
3770
3774
3778
3782
3792
3793
3811
3816
3817
3820
3820
3822
3822
3827
3829
3838
3848
3857
3860
3869
3877
3878
3883
3885
3895
3896
3897
3898
3904
3905
3907
3912
3913
3917
3917
3919
3924
3928
3937
3946
3947
3947
3958
3962
3964
3966
3966
3967
3969
3988
3988
3989
3993
3993
3994
3995
4009
4015
4018
4023
4024
4025
4026
4027
4034
4045
4069
4071
4074
4078
4081
4083
4086
4086
4098
4100
4100
4104
4105
4115
4123
4129
4131
4136
4140
4143
4144
4147
4159
4179
4181
4187
4192
4192
4199
4200
4209
4211
4220
4223
4225
4229
4232
4236
4237
4238
4243
4251
4267
4272
4273
4290
4296
4300
4303
4312
4316
4319
4319
4320
4320
4324
4330
4335
4339
4339
4341
4343
4352
4366
4370
4381
4382
4403
4406
4417
4417
4421
4427
4428
4431
4432
4434
4448
4449
4462
4466
4468
4468
4473
4479
4484
4488
4493
4494
4495
4498
4503
4505
4506
4506
4517
4524
4530
4533
4538
4544
4544
4545
4545
4554
4558
4568
4569
4571
4572
4574
4575
4583
4586
4589
4596
4597
4598
4609
4610
4612
4619
4627
4633
4638
4638
4642
4646
4650
4652
4652
4652
4652
4660
4661
4662
4663
4666
4671
4685
4691
4693
4702
4705
4711
4715
4718
4721
4722
4723
4728
4739
4739
4740
4741
4746
4750
4750
4753
4753
4754
4764
4769
4772
4774
4779
4792
4798
4802
4805
4810
4812
4816
4818
4837
4840
4841
4841
4841
4844
4866
4882
4884
4890
4891
4897
4903
4903
4906
4908
4913
4913
4916
4922
4923
4927
4928
4938
4938
4940
4949
4950
4954
4959
4966
4970
4974
4978
4987
4990
4992
4993
